3 16 44 57 64
8 27 42 49 61
7 18 31 59 72
10 22 37 54 63
14 29 45 53 74
6 26 44 51 70
13 21 43 52 74
1 17 42 55 64
2 24 34 47 65
15 19 45 49 75
12 26 41 57 73
6 29 34 52 70
7 28 35 51 62
9 18 31 55 75
10 23 36 59 63
14 22 39 54 72
6 28 45 53 64
13 18 33 59 73
8 19 36 49 67
1 24 41 51 61
15 26 35 50 63
11 23 40 56 67
7 22 44 58 75
10 30 32 53 69
3 28 33 60 70
5 26 43 59 71
8 23 35 50 62
4 30 38 60 72
3 19 42 47 61
15 27 45 52 66
5 16 39 46 62
7 26 41 51 66
6 22 40 48 64
1 29 33 60 69
15 28 42 47 74
9 29 35 53 64
14 30 44 59 67
15 19 37 51 72
5 16 32 48 68
4 24 45 56 65
12 28 31 49 75
6 20 33 54 69
8 16 40 60 64
11 25 42 46 74
15 19 44 53 68
5 25 43 56 71
11 30 32 49 63
14 19 45 47 75
3 24 31 52 61
15 18 41 59 66
8 20 45 57 64
14 25 31 53 73
5 24 43 46 68
7 30 42 56 62
11 26 37 47 61
3 22 38 60 65
10 16 33 48 67
2 19 32 53 71
5 30 34 58 61
9 20 37 54 73
7 26 43 60 63
6 29 37 50 70
3 16 33 52 61
2 24 40 49 71
1 18 44 54 65
7 19 35 57 74
9 20 31 60 68
1 26 37 51 61
3 21 39 53 75
2 22 45 50 69
13 23 39 50 71
10 30 37 52 61
12 28 35 60 75
4 16 36 46 73
11 21 32 48 66
9 18 35 50 67
5 21 36 59 61
8 24 39 52 71
2 27 34 56 75
12 20 31 55 68
10 21 40 58 62
13 26 39 57 70
1 28 37 59 65
4 30 35 55 63
14 16 42 60 69
1 24 42 46 63
14 21 33 53 71
2 19 43 58 68
8 16 31 50 74
6 30 45 57 64
11 17 44 50 75
15 24 36 58 73
5 26 31 60 68
6 25 41 55 61
7 16 40 54 70
4 18 45 52 61
2 21 31 58 75
15 23 44 49 69
9 19 35 59 67
5 17 34 51 74
12 22 34 47 74
3 16 33 51 69
9 23 42 50 64
6 28 31 60 73
1 27 39 48 75
10 19 42 53 61
13 27 37 51 68
15 23 45 59 75
3 17 35 48 64
6 25 39 46 66
14 28 44 47 64
6 23 35 55 69
10 20 43 52 62
8 21 42 49 68
5 29 36 48 66
4 24 33 53 74
7 22 44 57 64
12 28 38 49 66
8 17 34 48 65
3 21 41 50 67
6 28 32 60 72
13 29 33 59 75
3 27 45 58 63
7 26 44 57 66
14 22 36 56 74
4 28 45 56 66
1 20 33 51 68
5 27 31 48 61
12 21 32 59 65
7 30 44 50 70
4 30 33 52 66
14 17 42 48 63
7 27 45 50 71
8 26 39 46 62
11 21 36 58 69
1 29 33 47 72
3 25 43 48 64
7 26 45 55 71
4 27 37 49 75
13 17 35 56 65
6 24 33 56 67
9 17 42 58 71
13 28 43 51 74
5 25 38 50 72
15 18 31 57 63
7 21 44 59 73
15 23 39 54 63
5 18 40 55 64
4 30 33 49 71
8 26 42 51 62
8 29 45 50 62
4 16 36 54 71
3 21 32 52 67
11 30 33 58 61
10 18 40 55 65
15 30 32 55 62
11 22 39 48 72
4 28 31 57 74
13 24 36 47 70
7 29 45 52 69
10 26 33 58 66
6 17 43 54 67
14 21 32 59 64
11 24 37 50 63
9 22 39 57 71
3 20 33 52 64
13 29 44 53 67
4 21 34 58 73
6 19 31 48 72
14 18 40 47 71
11 27 41 58 69
10 16 34 50 70
12 23 42 53 66
4 22 39 52 74
3 26 40 60 63
7 16 45 48 67
3 18 34 59 61
10 20 31 51 69
4 25 32 50 65
1 27 40 53 66
7 26 44 57 61
6 23 40 60 69
8 18 42 48 68
10 19 45 50 72
15 20 43 51 66
11 23 40 54 75
7 18 35 59 62
5 24 36 48 69
13 26 43 52 67
10 16 32 51 64
10 26 31 59 62
6 19 37 47 69
11 25 35 60 73
12 28 44 56 74
8 29 42 58 66
2 21 45 57 61
3 22 44 47 66
15 26 41 48 63
11 19 39 56 70
4 24 38 53 74
3 26 44 48 63
9 22 36 60 69
8 17 34 55 75
7 16 35 49 67
12 27 33 58 68
12 28 39 52 65
7 21 45 58 72
9 16 33 51 62
11 25 35 60 67
10 19 31 53 68
12 25 33 47 75
5 16 35 60 66
9 24 41 54 62
15 26 31 55 72
7 22 38 48 63
9 16 44 49 74
15 24 35 60 62
14 27 41 48 65
2 26 42 56 67
7 18 38 59 70
12 27 39 53 70
7 16 45 55 72
13 23 43 51 73
15 18 35 54 68
14 30 32 47 62
3 30 41 59 63
5 28 35 56 70
13 24 33 58 72
11 18 44 55 64
8 27 40 57 73
15 25 39 47 70
11 29 32 57 68
3 26 38 46 63
2 27 45 53 66
9 19 37 51 75
3 27 43 49 63
1 23 32 59 61
15 26 35 47 62
8 20 39 58 67
12 24 34 53 72
5 30 33 60 70
11 16 32 48 72
12 27 34 57 63
15 29 41 53 75
1 28 42 51 69
2 18 35 59 63
4 21 31 53 69
15 24 41 47 75
1 28 38 49 68
8 29 32 46 73
1 17 33 52 66
11 16 35 49 69
10 23 34 56 63
4 24 45 47 61
3 27 40 57 74
7 27 39 60 75
1 18 44 58 70
15 24 32 59 71
2 28 45 47 64
14 17 36 55 62
4 18 45 52 73
12 26 38 54 68
7 19 42 48 70
15 17 39 56 62
2 21 40 50 66
12 26 34 50 74
7 23 37 60 72
5 16 36 52 66
9 17 39 47 75
4 19 31 48 67
4 30 31 53 75
13 23 38 52 62
15 29 35 58 63
9 22 32 57 68
8 25 42 59 71
4 16 42 53 71
2 28 31 58 75
8 20 36 56 64
1 29 44 57 68
7 27 40 50 69
9 24 45 55 65
8 27 42 48 69
11 19 41 57 63
13 17 31 47 71
10 28 44 59 74
7 20 38 49 75
2 22 34 55 69
8 30 40 50 64
13 18 44 46 66
1 25 32 51 65
14 16 39 46 67
10 28 35 54 68
4 27 34 50 73
6 30 40 60 69
13 26 32 57 65
11 21 40 48 75
15 28 37 58 69
13 16 39 50 62
14 25 32 47 68
3 18 38 60 73
4 16 41 51 74
13 23 36 57 64
3 27 45 53 70
12 26 37 59 71
7 25 32 47 61
12 29 34 51 65
15 25 39 49 62
6 23 41 52 73
3 28 31 46 64
13 22 45 48 72
4 22 45 59 62
7 24 33 56 65
2 16 34 52 69
10 26 32 54 68
15 23 41 57 71
12 25 41 55 74
7 17 43 51 66
15 21 33 53 71
2 20 37 50 69
5 28 31 56 63
13 23 36 57 65
3 21 40 48 70
2 28 33 46 64
14 25 34 54 67
1 18 32 59 63
7 24 42 53 67
3 16 45 47 75
4 20 44 48 71
11 19 36 46 63
13 29 31 55 73
7 26 43 48 67
5 28 45 58 63
1 19 34 55 62
11 29 32 60 61
3 20 41 54 71
6 18 38 57 63
15 17 36 60 69
8 19 33 50 72
7 21 34 49 66
4 25 37 48 68
14 19 36 51 74
1 30 44 60 61
11 17 34 57 68
13 24 45 59 62
6 29 42 56 71
12 27 43 54 73
2 30 40 52 66
5 22 37 50 69
3 17 39 56 74
1 16 32 51 70
2 17 35 52 73
7 16 43 54 64
14 30 36 47 69
13 18 32 49 68
12 19 33 46 70
4 28 40 56 75
12 29 33 55 61
1 30 31 47 74
7 16 36 54 62
2 22 44 57 73
1 20 32 52 63
4 29 41 48 70
14 28 40 57 66
2 30 31 51 64
8 22 35 47 67
8 27 40 58 65
9 23 39 50 70
7 24 35 51 71
4 20 31 59 64
13 19 36 53 67
15 19 42 60 63
11 28 34 49 68
3 20 31 50 69
12 18 43 48 70
14 30 37 53 62
10 30 34 46 61
1 27 35 47 73
8 20 43 49 69
13 18 38 58 72
3 24 39 54 63
10 21 42 50 68
13 16 45 60 66
7 24 34 54 67
9 27 41 48 73
2 23 33 57 69
12 28 43 48 64
15 30 37 59 61
13 29 34 58 66
4 17 39 50 75
3 19 33 57 69
1 20 43 57 75
3 21 41 53 63
4 16 40 54 65
5 26 35 46 69
6 18 44 58 67
14 23 31 53 74
11 21 39 46 65
7 16 41 60 62
2 29 45 57 67
15 25 37 51 73
6 17 35 51 62
12 22 42 52 64
14 20 41 55 75
7 23 39 54 73
9 25 43 60 66
4 30 31 58 67
11 22 36 48 69
2 24 45 51 61
13 16 42 47 68
5 20 34 60 65
6 18 37 48 61
10 19 45 58 68
13 20 38 53 64
2 16 32 60 67
11 28 31 56 66
13 28 32 55 63
15 21 37 60 62
4 19 40 54 75
14 22 41 49 69
1 29 34 53 65
14 27 34 56 66
2 16 43 57 69
1 26 41 49 67
9 30 31 47 72
10 18 37 54 62
4 17 44 49 69
14 24 40 46 63
13 18 34 57 71
2 19 35 59 73
12 26 33 51 61
10 17 33 60 74
2 22 40 59 61
4 28 41 49 62
15 16 43 50 64
9 26 32 52 70
7 22 40 59 72
6 18 36 51 70
10 16 45 52 67
5 28 43 60 75
1 29 32 54 71
15 19 31 60 62
12 21 40 56 66
6 29 39 49 68
10 27 38 51 64
2 24 44 48 63
15 28 34 56 66
6 20 42 54 62
12 22 40 60 70
5 24 41 52 75
3 27 31 48 64
9 26 43 48 74
14 21 34 47 68
10 22 45 60 67
1 16 35 57 63
5 17 38 59 66
14 16 32 53 70
2 21 36 55 69
11 29 35 47 67
6 19 42 48 61
15 18 40 59 74
8 26 44 57 69
15 20 39 59 72
2 23 42 58 75
7 29 33 55 64
12 17 40 50 62
6 17 31 52 66
8 29 33 58 72
15 18 32 60 67
1 19 44 50 75
3 23 35 55 70
12 19 33 50 75
11 16 43 53 67
4 22 36 51 63
1 25 32 59 61
10 17 42 47 62
10 22 34 60 66
11 25 41 48 71
14 27 44 51 63
15 29 45 53 73
1 28 31 56 64
12 25 34 57 64
8 29 36 46 62
14 19 37 56 61
11 20 39 52 63
7 30 43 50 71
10 21 35 50 66
14 27 40 55 75
7 16 33 54 73
4 25 45 49 67
3 19 42 52 61
3 26 35 58 71
13 18 42 48 72
4 23 34 60 69
6 19 39 55 74
5 21 36 53 66
4 19 35 53 72
8 21 45 50 62
15 22 36 47 68
14 18 40 55 64
12 26 42 58 65
