5 30 38 49 67
2 17 44 55 74
13 23 37 48 68
6 25 42 57 75
9 28 39 56 71
7 25 34 51 74
1 20 44 58 70
10 30 39 48 71
8 22 40 57 62
9 29 45 56 66
12 26 33 57 72
4 16 35 55 70
3 30 39 53 62
6 23 42 46 68
8 25 37 54 63
7 30 45 50 68
6 24 43 56 64
14 29 41 51 75
13 21 31 52 70
2 18 32 58 66
4 25 41 47 66
1 26 34 50 62
13 17 31 57 61
11 16 39 52 69
15 30 43 56 65
7 18 41 54 64
5 27 40 60 74
12 29 36 59 71
4 26 33 50 67
6 19 31 49 68
5 26 45 49 72
6 22 33 46 75
9 29 35 47 74
15 30 37 52 68
10 27 43 57 61
2 29 32 53 71
15 21 45 51 74
4 17 38 48 66
9 16 36 52 63
10 23 35 57 72
3 22 32 49 65
10 26 33 51 61
4 21 41 53 66
15 25 45 60 62
13 30 35 55 72
9 25 38 50 70
4 26 31 58 74
5 17 43 51 63
3 18 36 57 67
13 23 37 55 75
